Starting number is 18446744073709551615
================================

6148914691236517205 +1
2049638230412172402 0
683212743470724134 -2
227737581156908044 +2
75912527052302682 0
25304175684100894 -1
8434725228033631 -1
2811575076011210 -2
937191692003736 0
312397230667912 -1
104132410222637 +1
34710803407546 +2
11570267802516 0
3856755934172 -2
1285585311390 0
428528437130 -2
142842812376 0
47614270792 -1
15871423597 +2
5290474533 0
1763491511 -2
587830503 0
195943501 +2
65314501 +2
21771501 0
7257167 +1
2419056 0
806352 0
268784 +1
89595 0
29865 0
9955 +2
3319 -1
1106 -2
368 +1
123 0
41 -2
13 +2
5 +1
2 -1
